@4400
81 00 00 24 B1 13 72 00 B1 13 A4 00 0C 43 B1 13 
00 00 1C 43 B1 13 9E 00 32 D0 10 00 FD 3F 03 43 
@ff80
FF FF FF FF FF FF FF FF FF FF FF FF FF FF FF FF 
@ffc6
18 44 18 44 18 44 18 44 18 44 18 44 18 44 18 44 
18 44 18 44 18 44 18 44 18 44 18 44 18 44 18 44 
18 44 18 44 18 44 18 44 18 44 18 44 18 44 18 44 
18 44 18 44 18 44 18 44 00 44 B1 00 04 00 B2 40 
80 5A 5C 01 B2 40 FE FF 30 01 D2 43 04 02 00 18 
F1 40 10 27 00 00 81 93 02 00 03 20 81 93 00 00 
0A 24 91 83 00 00 81 73 02 00 81 93 02 00 F9 23 
81 93 00 00 F6 23 D2 43 02 02 00 18 F1 40 10 27 
00 00 81 93 02 00 03 20 81 93 00 00 0A 24 91 83 
00 00 81 73 02 00 81 93 02 00 F9 23 81 93 00 00 
F6 23 F2 40 FE 00 02 02 D2 3F 03 43 B2 40 00 A5 
A0 05 3F 40 40 04 82 4F A6 05 3F 40 40 04 82 4F 
A4 05 3F 40 13 15 82 4F A8 05 3F 40 01 A5 82 4F 
A0 05 C2 43 A1 05 10 01 03 43 FF 3F 03 43 1C 43 
10 01 
q
